1
2
1 2
1 2
1 0


2
2
1 2
1 2
1 0
2
1 2
1 2
0 0


3
2
1 2
1 2
1 0
2
1 2
1 2
0 0
4
2 4
3 4
2 4
2 3
10 10 10 10



4
2
1 2
1 2
1 0
2
1 2
1 2
0 0
4
2 4
3 4
2 4
2 3
10 10 10 10
4
2 4
3 4
1 4
2 3
10 10 10 10


5
2
1 2
1 2
1 0
2
1 2
1 2
0 0
4
2 4
3 4
2 4
2 3
10 10 10 10
4
2 4
3 4
1 4
2 3
10 10 10 10
4
2 4
3 4
1 4
1 2
10 10 10 10

1
4
2 4
3 4
1 4
2 3
10 10 10 10

20 10 00 20

20 30 20 00

40 30 00 20

40 50 20 00

UNBOUNDED -> 3 and 4 lines create a cycle


1
4
2 4
3 4
1 4
1 2
10 10 10 10

20 10 00 20

40 30 00 00

UNBOUNDED -> 2 and 4 lines create a cycle